5305 1
5305 2
5305 3
5305 4
5305 5
5305 6
5305 7
5305 8
5305 10
5305 11
5305 12
5305 13
5305 14
5305 15
5305 16
5305 17
5305 18
5305 19
5305 20
5305 21
5305 22
5305 23
5305 24
5305 25
5305 26
5305 27
5305 28
5305 29
5305 30
5305 31
5305 32
5305 33
5305 34
5305 35
5305 36
5305 37
5305 38
5305 39
5305 40
5305 41
5305 42
5305 43
5305 44
5305 45
5305 46
5305 47
5305 48
5305 49
5306 1
5306 2
5306 3
5306 4
5306 5
5306 6
5306 7
5306 8
5306 10
5306 11
5306 12
5306 13
5306 14
5306 15
5306 16
5306 17
5306 18
5306 19
5306 20
5306 21
5306 22
5306 23
5306 24
5306 25
5306 26
5306 27
5306 28
5306 29
5306 30
5306 31
5306 32
5306 33
5306 34
5306 35
5306 36
5306 37
5306 38
5306 39
5306 40
5306 41
5306 42
5306 43
5306 44
5306 45
5306 46
5306 47
5306 48
5306 49
5307 1
5307 2
5307 3
5307 4
5307 5
5307 6
5307 7
5307 8
5307 10
5307 11
5307 12
5307 13
5307 14
5307 15
5307 16
5307 17
5307 18
5307 19
5307 20
5307 21
5307 22
5307 23
5307 24
5307 25
5307 26
5307 27
5307 28
5307 29
5307 30
5307 31
5307 32
5307 33
5307 34
5307 35
5307 36
5307 37
5307 38
5307 39
5307 40
5307 41
5307 42
5307 43
5307 44
5307 45
5307 46
5307 47
5307 48
5307 49
5308 1
5308 2
5308 3
5308 4
5308 5
5308 6
5308 7
5308 8
5308 10
5308 11
5308 12
5308 13
5308 14
5308 15
5308 16
5308 17
5308 18
5308 19
5308 20
5308 21
5308 22
5308 23
5308 24
5308 25
5308 26
5308 27
5308 28
5308 29
5308 30
5308 31
5308 32
5308 33
5308 34
5308 35
5308 36
5308 37
5308 38
5308 39
5308 40
5308 41
5308 42
5308 43
5308 44
5308 45
5308 46
5308 47
5308 48
5308 49
5309 1
5309 2
5309 3
5309 4
5309 5
5309 6
5309 7
5309 8
5309 10
5309 11
5309 12
5309 13
5309 14
5309 15
5309 16
5309 17
5309 18
5309 19
5309 20
5309 21
5309 22
5309 23
5309 24
5309 25
5309 26
5309 27
5309 28
5309 29
5309 30
5309 31
5309 32
5309 33
5309 34
5309 35
5309 36
5309 37
5309 38
5309 39
5309 40
5309 41
5309 42
5309 43
5309 44
5309 45
5309 46
5309 47
5309 48
5309 49
5310 1
5310 2
5310 3
5310 4
5310 5
5310 6
5310 7
5310 8
5310 10
5310 11
5310 12
5310 13
5310 14
5310 15
5310 16
5310 17
5310 18
5310 19
5310 20
5310 21
5310 22
5310 23
5310 24
5310 25
5310 26
5310 27
5310 28
5310 29
5310 30
5310 31
5310 32
5310 33
5310 34
5310 35
5310 36
5310 37
5310 38
5310 39
5310 40
5310 41
5310 42
5310 43
5310 44
5310 45
5310 46
5310 47
5310 48
5310 49
5311 1
5311 2
5311 3
5311 4
5311 5
5311 6
5311 7
5311 8
5311 10
5311 11
5311 12
5311 13
5311 14
5311 15
5311 16
5311 17
5311 18
5311 19
5311 20
5311 21
5311 22
5311 23
5311 24
5311 25
5311 26
5311 27
5311 28
5311 29
5311 30
5311 31
5311 32
5311 33
5311 34
5311 35
5311 36
5311 37
5311 38
5311 39
5311 40
5311 41
5311 42
5311 43
5311 44
5311 45
5311 46
5311 47
5311 48
5311 49
5312 1
5312 2
5312 3
5312 4
5312 5
5312 6
5312 7
5312 8
5312 10
5312 11
5312 12
5312 13
5312 14
5312 15
5312 16
5312 17
5312 18
5312 19
5312 20
5312 21
5312 22
5312 23
5312 24
5312 25
5312 26
5312 27
5312 28
5312 29
5312 30
5312 31
5312 32
5312 33
5312 34
5312 35
5312 36
5312 37
5312 38
5312 39
5312 40
5312 41
5312 42
5312 43
5312 44
5312 45
5312 46
5312 47
5312 48
5312 49
5313 1
5313 2
5313 3
5313 4
5313 5
5313 6
5313 7
5313 8
5313 10
5313 11
5313 12
5313 13
5313 14
5313 15
5313 16
5313 17
5313 18
5313 19
5313 20
5313 21
5313 22
5313 23
5313 24
5313 25
5313 26
5313 27
5313 28
5313 29
5313 30
5313 31
5313 32
5313 33
5313 34
5313 35
5313 36
5313 37
5313 38
5313 39
5313 40
5313 41
5313 42
5313 43
5313 44
5313 45
5313 46
5313 47
5313 48
5313 49
5314 1
5314 2
5314 3
5314 4
5314 5
5314 6
5314 7
5314 8
5314 10
5314 11
5314 12
5314 13
5314 14
5314 15
5314 16
5314 17
5314 18
5314 19
5314 20
5314 21
5314 22
5314 23
5314 24
5314 25
5314 26
5314 27
5314 28
5314 29
5314 30
5314 31
5314 32
5314 33
5314 34
5314 35
5314 36
5314 37
5314 38
5314 39
5314 40
5314 41
5314 42
5314 43
5314 44
5314 45
5314 46
5314 47
5314 48
5314 49
5315 1
5315 2
5315 3
5315 4
5315 5
5315 6
5315 7
5315 8
5315 10
5315 11
5315 12
5315 13
5315 14
5315 15
5315 16
5315 17
5315 18
5315 19
5315 20
5315 21
5315 22
5315 23
5315 24
5315 25
5315 26
5315 27
5315 28
5315 29
5315 30
5315 31
5315 32
5315 33
5315 34
5315 35
5315 36
5315 37
5315 38
5315 39
5315 40
5315 41
5315 42
5315 43
5315 44
5315 45
5315 46
5315 47
5315 48
5315 49
5316 1
5316 2
5316 3
5316 4
5316 5
5316 6
5316 7
5316 8
5316 10
5316 11
5316 12
5316 13
5316 14
5316 15
5316 16
5316 17
5316 18
5316 19
5316 20
5316 21
5316 22
5316 23
5316 24
5316 25
5316 26
5316 27
5316 28
5316 29
5316 30
5316 31
5316 32
5316 33
5316 34
5316 35
5316 36
5316 37
5316 38
5316 39
5316 40
5316 41
5316 42
5316 43
5316 44
5316 45
5316 46
5316 47
5316 48
5316 49
5317 1
5317 2
5317 3
5317 4
5317 5
5317 6
5317 7
5317 8
5317 10
5317 11
5317 12
5317 13
5317 14
5317 15
5317 16
5317 17
5317 18
5317 19
5317 20
5317 21
5317 22
5317 23
5317 24
5317 25
5317 26
5317 27
5317 28
5317 29
5317 30
5317 31
5317 32
5317 33
5317 34
5317 35
5317 36
5317 37
5317 38
5317 39
5317 40
5317 41
5317 42
5317 43
5317 44
5317 45
5317 46
5317 47
5317 48
5317 49
5318 1
5318 2
5318 3
5318 4
5318 5
5318 6
5318 7
5318 8
5318 10
5318 11
5318 12
5318 13
5318 14
5318 15
5318 16
5318 17
5318 18
5318 19
5318 20
5318 21
5318 22
5318 23
5318 24
5318 25
5318 26
5318 27
5318 28
5318 29
5318 30
5318 31
5318 32
5318 33
5318 34
5318 35
5318 36
5318 37
5318 38
5318 39
5318 40
5318 41
5318 42
5318 43
5318 44
5318 45
5318 46
5318 47
5318 48
5318 49
5319 1
5319 2
5319 3
5319 4
5319 5
5319 6
5319 7
5319 8
5319 10
5319 11
5319 12
5319 13
5319 14
5319 15
5319 16
5319 17
5319 18
5319 19
5319 20
5319 21
5319 22
5319 23
5319 24
5319 25
5319 26
5319 27
5319 28
5319 29
5319 30
5319 31
5319 32
5319 33
5319 34
5319 35
5319 36
5319 37
5319 38
5319 39
5319 40
5319 41
5319 42
5319 43
5319 44
5319 45
5319 46
5319 47
5319 48
5319 49
5320 1
5320 2
5320 3
5320 4
5320 5
5320 6
5320 7
5320 8
5320 10
5320 11
5320 12
5320 13
5320 14
5320 15
5320 16
5320 17
5320 18
5320 19
5320 20
5320 21
5320 22
5320 23
5320 24
5320 25
5320 26
5320 27
5320 28
5320 29
5320 30
5320 31
5320 32
5320 33
5320 34
5320 35
5320 36
5320 37
5320 38
5320 39
5320 40
5320 41
5320 42
5320 43
5320 44
5320 45
5320 46
5320 47
5320 48
5320 49
5321 1
5321 2
5321 3
5321 4
5321 5
5321 6
5321 7
5321 8
5321 10
5321 11
5321 12
5321 13
5321 14
5321 15
5321 16
5321 17
5321 18
5321 19
5321 20
5321 21
5321 22
5321 23
5321 24
5321 25
5321 26
5321 27
5321 28
5321 29
5321 30
5321 31
5321 32
5321 33
5321 34
5321 35
5321 36
5321 37
5321 38
5321 39
5321 40
5321 41
5321 42
5321 43
5321 44
5321 45
5321 46
5321 47
5321 48
5321 49
5322 1
5322 2
5322 3
5322 4
5322 5
5322 6
5322 7
5322 8
5322 10
5322 11
5322 12
5322 13
5322 14
5322 15
5322 16
5322 17
5322 18
5322 19
5322 20
5322 21
5322 22
5322 23
5322 24
5322 25
5322 26
5322 27
5322 28
5322 29
5322 30
5322 31
5322 32
5322 33
5322 34
5322 35
5322 36
5322 37
5322 38
5322 39
5322 40
5322 41
5322 42
5322 43
5322 44
5322 45
5322 46
5322 47
5322 48
5322 49
5323 1
5323 2
5323 3
5323 4
5323 5
5323 6
5323 7
5323 8
5323 10
5323 11
5323 12
5323 13
5323 14
5323 15
5323 16
5323 17
5323 18
5323 19
5323 20
5323 21
5323 22
5323 23
5323 24
5323 25
5323 26
5323 27
5323 28
5323 29
5323 30
5323 31
5323 32
5323 33
5323 34
5323 35
5323 36
5323 37
5323 38
5323 39
5323 40
5323 41
5323 42
5323 43
5323 44
5323 45
5323 46
5323 47
5323 48
5323 49
