0 0 32000
0 0 33000
0 0 35000
0 1 32000
0 1 33000
0 1 35000
0 2 32000
0 2 33000
0 2 35000
0 3 32000
0 3 33000
0 3 35000
0 4 32000
0 4 33000
0 4 35000
0 5 32000
0 5 33000
0 5 35000
0 6 32000
0 6 33000
0 6 35000
0 7 32000
0 7 33000
0 7 35000
0 8 32000
0 8 33000
0 8 35000
0 9 32000
0 9 33000
0 9 35000
0 10 32000
0 10 33000
0 10 35000
0 11 32000
0 11 33000
0 11 35000
0 12 32000
0 12 33000
0 12 35000
0 13 32000
0 13 33000
0 13 35000
0 14 32000
0 14 33000
0 14 35000
0 15 32000
0 15 33000
0 15 35000
0 16 32000
0 16 33000
0 16 35000
0 17 32000
0 17 33000
0 17 35000
0 18 32000
0 18 33000
0 18 35000
0 19 32000
0 19 33000
0 19 35000
0 20 32000
0 20 33000
0 20 35000
0 21 32000
0 21 33000
0 21 35000
0 22 32000
0 22 33000
0 22 35000
0 23 32000
0 23 33000
0 23 35000
0 24 32000
0 24 33000
0 24 35000
0 25 32000
0 25 33000
0 25 35000
0 26 32000
0 26 33000
0 26 35000
0 27 32000
0 27 33000
0 27 35000
0 28 32000
0 28 33000
0 28 35000
0 29 32000
0 29 33000
0 29 35000
0 30 32000
0 30 33000
0 30 35000
0 31 32000
0 31 33000
0 31 35000
0 32 32000
0 32 33000
0 32 35000
0 33 32000
0 33 33000
0 33 35000
0 34 32000
0 34 33000
0 34 35000
0 35 32000
0 35 33000
0 35 35000
0 36 32000
0 36 33000
0 36 35000
0 37 32000
0 37 33000
0 37 35000
0 38 32000
0 38 33000
0 38 35000
0 39 32000
0 39 33000
0 39 35000
0 40 32000
0 40 33000
0 40 35000
0 41 32000
0 41 33000
0 41 35000
0 42 32000
0 42 33000
0 42 35000
0 43 32000
0 43 33000
0 43 35000
0 44 32000
0 44 33000
0 44 35000
0 45 32000
0 45 33000
0 45 35000
0 46 32000
0 46 33000
0 46 35000
0 47 32000
0 47 33000
0 47 35000
0 48 32000
0 48 33000
0 48 35000
0 49 32000
0 49 33000
0 49 35000
0 50 32000
0 50 33000
0 50 35000
0 51 32000
0 51 33000
0 51 35000
0 52 32000
0 52 33000
0 52 35000
0 53 32000
0 53 33000
0 53 35000
0 54 32000
0 54 33000
0 54 35000
0 55 32000
0 55 33000
0 55 35000
0 56 32000
0 56 33000
0 56 35000
0 57 32000
0 57 33000
0 57 35000
0 58 32000
0 58 33000
0 58 35000
0 59 32000
0 59 33000
0 59 35000
0 60 32000
0 60 33000
0 60 35000
0 61 32000
0 61 33000
0 61 35000
0 62 32000
0 62 33000
0 62 35000
0 63 32000
0 63 33000
0 63 35000
0 64 32000
0 64 33000
0 64 35000
0 65 32000
0 65 33000
0 65 35000
0 66 32000
0 66 33000
0 66 35000
0 67 32000
0 67 33000
0 67 35000
0 68 32000
0 68 33000
0 68 35000
0 69 32000
0 69 33000
0 69 35000
0 70 32000
0 70 33000
0 70 35000
0 71 32000
0 71 33000
0 71 35000
0 72 32000
0 72 33000
0 72 35000
0 73 32000
0 73 33000
0 73 35000
0 74 32000
0 74 33000
0 74 35000
0 75 32000
0 75 33000
0 75 35000
0 76 32000
0 76 33000
0 76 35000
0 77 32000
0 77 33000
0 77 35000
0 78 32000
0 78 33000
0 78 35000
0 79 32000
0 79 33000
0 79 35000
0 80 32000
0 80 33000
0 80 35000
0 81 32000
0 81 33000
0 81 35000
0 82 32000
0 82 33000
0 82 35000
0 83 32000
0 83 33000
0 83 35000
0 84 32000
0 84 33000
0 84 35000
0 85 32000
0 85 33000
0 85 35000
0 86 32000
0 86 33000
0 86 35000
0 87 32000
0 87 33000
0 87 35000
0 88 32000
0 88 33000
0 88 35000
0 89 32000
0 89 33000
0 89 35000
0 90 32000
0 90 33000
0 90 35000
0 91 32000
0 91 33000
0 91 35000
0 92 32000
0 92 33000
0 92 35000
0 93 32000
0 93 33000
0 93 35000
0 94 32000
0 94 33000
0 94 35000
0 95 32000
0 95 33000
0 95 35000
0 96 32000
0 96 33000
0 96 35000
0 97 32000
0 97 33000
0 97 35000
0 98 32000
0 98 33000
0 98 35000
0 99 32000
0 99 33000
0 99 35000
0 100 32000
0 100 33000
0 100 35000
0 101 32000
0 101 33000
0 101 35000
0 102 32000
0 102 33000
0 102 35000
0 103 32000
0 103 33000
0 103 35000
0 104 32000
0 104 33000
0 104 35000
0 105 32000
0 105 33000
0 105 35000
0 106 32000
0 106 33000
0 106 35000
0 107 32000
0 107 33000
0 107 35000
0 108 32000
0 108 33000
0 108 35000
0 109 32000
0 109 33000
0 109 35000
0 110 32000
0 110 33000
0 110 35000
0 111 32000
0 111 33000
0 111 35000
0 112 32000
0 112 33000
0 112 35000
0 113 32000
0 113 33000
0 113 35000
0 114 32000
0 114 33000
0 114 35000
0 115 32000
0 115 33000
0 115 35000
0 116 32000
0 116 33000
0 116 35000
0 117 32000
0 117 33000
0 117 35000
0 118 32000
0 118 33000
0 118 35000
0 119 32000
0 119 33000
0 119 35000
0 120 32000
0 120 33000
0 120 35000
0 121 32000
0 121 33000
0 121 35000
0 122 32000
0 122 33000
0 122 35000
0 123 32000
0 123 33000
0 123 35000
0 124 32000
0 124 33000
0 124 35000
0 125 32000
0 125 33000
0 125 35000
0 126 32000
0 126 33000
0 126 35000
0 127 32000
0 127 33000
0 127 35000
0 128 32000
0 128 33000
0 128 35000
0 129 32000
0 129 33000
0 129 35000
0 130 32000
0 130 33000
0 130 35000
0 131 32000
0 131 33000
0 131 35000
0 132 32000
0 132 33000
0 132 35000
0 133 32000
0 133 33000
0 133 35000
0 134 32000
0 134 33000
0 134 35000
0 135 32000
0 135 33000
0 135 35000
0 136 32000
0 136 33000
0 136 35000
0 137 32000
0 137 33000
0 137 35000
0 138 32000
0 138 33000
0 138 35000
0 139 32000
0 139 33000
0 139 35000
0 140 32000
0 140 33000
0 140 35000
0 141 32000
0 141 33000
0 141 35000
0 142 32000
0 142 33000
0 142 35000
0 143 32000
0 143 33000
0 143 35000
0 144 32000
0 144 33000
0 144 35000
0 145 32000
0 145 33000
0 145 35000
0 146 32000
0 146 33000
0 146 35000
0 147 32000
0 147 33000
0 147 35000
0 148 32000
0 148 33000
0 148 35000
0 149 32000
0 149 33000
0 149 35000
0 150 32000
0 150 33000
0 150 35000
0 151 32000
0 151 33000
0 151 35000
0 152 32000
0 152 33000
0 152 35000
0 153 32000
0 153 33000
0 153 35000
0 154 32000
0 154 33000
0 154 35000
0 155 32000
0 155 33000
0 155 35000
0 156 32000
0 156 33000
0 156 35000
0 157 32000
0 157 33000
0 157 35000
0 158 32000
0 158 33000
0 158 35000
0 159 32000
0 159 33000
0 159 35000
0 160 32000
0 160 33000
0 160 35000
0 161 32000
0 161 33000
0 161 35000
0 162 32000
0 162 33000
0 162 35000
0 163 32000
0 163 33000
0 163 35000
0 164 32000
0 164 33000
0 164 35000
1 0 32000
1 0 33000
1 0 35000
1 1 32000
1 1 33000
1 1 35000
1 2 32000
1 2 33000
1 2 35000
1 3 32000
1 3 33000
1 3 35000
1 4 32000
1 4 33000
1 4 35000
1 5 32000
1 5 33000
1 5 35000
1 6 32000
1 6 33000
1 6 35000
1 7 32000
1 7 33000
1 7 35000
1 8 32000
1 8 33000
1 8 35000
1 9 32000
1 9 33000
1 9 35000
1 10 32000
1 10 33000
1 10 35000
1 11 32000
1 11 33000
1 11 35000
1 12 32000
1 12 33000
1 12 35000
1 13 32000
1 13 33000
1 13 35000
1 14 32000
1 14 33000
1 14 35000
1 15 32000
1 15 33000
1 15 35000
1 16 32000
1 16 33000
1 16 35000
1 17 32000
1 17 33000
1 17 35000
1 18 32000
1 18 33000
1 18 35000
1 19 32000
1 19 33000
1 19 35000
1 20 32000
1 20 33000
1 20 35000
1 21 32000
1 21 33000
1 21 35000
1 22 32000
1 22 33000
1 22 35000
1 23 32000
1 23 33000
1 23 35000
1 24 32000
1 24 33000
1 24 35000
1 25 32000
1 25 33000
1 25 35000
1 26 32000
1 26 33000
1 26 35000
1 27 32000
1 27 33000
1 27 35000
1 28 32000
1 28 33000
1 28 35000
1 29 32000
1 29 33000
1 29 35000
1 30 32000
1 30 33000
1 30 35000
1 31 32000
1 31 33000
1 31 35000
1 32 32000
1 32 33000
1 32 35000
1 33 32000
1 33 33000
1 33 35000
1 34 32000
1 34 33000
1 34 35000
1 35 32000
1 35 33000
1 35 35000
1 36 32000
1 36 33000
1 36 35000
1 37 32000
1 37 33000
1 37 35000
1 38 32000
1 38 33000
1 38 35000
1 39 32000
1 39 33000
1 39 35000
1 40 32000
1 40 33000
1 40 35000
1 41 32000
1 41 33000
1 41 35000
1 42 32000
1 42 33000
1 42 35000
1 43 32000
1 43 33000
1 43 35000
1 44 32000
1 44 33000
1 44 35000
1 45 32000
1 45 33000
1 45 35000
1 46 32000
1 46 33000
1 46 35000
1 47 32000
1 47 33000
1 47 35000
1 48 32000
1 48 33000
1 48 35000
1 49 32000
1 49 33000
1 49 35000
1 50 32000
1 50 33000
1 50 35000
1 51 32000
1 51 33000
1 51 35000
1 52 32000
1 52 33000
1 52 35000
1 53 32000
1 53 33000
1 53 35000
1 54 32000
1 54 33000
1 54 35000
1 55 32000
1 55 33000
1 55 35000
1 56 32000
1 56 33000
1 56 35000
1 57 32000
1 57 33000
1 57 35000
1 58 32000
1 58 33000
1 58 35000
1 59 32000
1 59 33000
1 59 35000
1 60 32000
1 60 33000
1 60 35000
1 61 32000
1 61 33000
1 61 35000
1 62 32000
1 62 33000
1 62 35000
1 63 32000
1 63 33000
1 63 35000
1 64 32000
1 64 33000
1 64 35000
1 65 32000
1 65 33000
1 65 35000
1 66 32000
1 66 33000
1 66 35000
1 67 32000
1 67 33000
1 67 35000
1 68 32000
1 68 33000
1 68 35000
1 69 32000
1 69 33000
1 69 35000
1 70 32000
1 70 33000
1 70 35000
1 71 32000
1 71 33000
1 71 35000
1 72 32000
1 72 33000
1 72 35000
1 73 32000
1 73 33000
1 73 35000
1 74 32000
1 74 33000
1 74 35000
1 75 32000
1 75 33000
1 75 35000
1 76 32000
1 76 33000
1 76 35000
1 77 32000
1 77 33000
1 77 35000
1 78 32000
1 78 33000
1 78 35000
1 79 32000
1 79 33000
1 79 35000
1 80 32000
1 80 33000
1 80 35000
1 81 32000
1 81 33000
1 81 35000
1 82 32000
1 82 33000
1 82 35000
1 83 32000
1 83 33000
1 83 35000
1 84 32000
1 84 33000
1 84 35000
1 85 32000
1 85 33000
1 85 35000
1 86 32000
1 86 33000
1 86 35000
1 87 32000
1 87 33000
1 87 35000
1 88 32000
1 88 33000
1 88 35000
1 89 32000
1 89 33000
1 89 35000
1 90 32000
1 90 33000
1 90 35000
1 91 32000
1 91 33000
1 91 35000
1 92 32000
1 92 33000
1 92 35000
1 93 32000
1 93 33000
1 93 35000
1 94 32000
1 94 33000
1 94 35000
1 95 32000
1 95 33000
1 95 35000
1 96 32000
1 96 33000
1 96 35000
1 97 32000
1 97 33000
1 97 35000
1 98 32000
1 98 33000
1 98 35000
1 99 32000
1 99 33000
1 99 35000
1 100 32000
1 100 33000
1 100 35000
1 101 32000
1 101 33000
1 101 35000
1 102 32000
1 102 33000
1 102 35000
1 103 32000
1 103 33000
1 103 35000
1 104 32000
1 104 33000
1 104 35000
1 105 32000
1 105 33000
1 105 35000
1 106 32000
1 106 33000
1 106 35000
1 107 32000
1 107 33000
1 107 35000
1 108 32000
1 108 33000
1 108 35000
1 109 32000
1 109 33000
1 109 35000
1 110 32000
1 110 33000
1 110 35000
1 111 32000
1 111 33000
1 111 35000
1 112 32000
1 112 33000
1 112 35000
1 113 32000
1 113 33000
1 113 35000
1 114 32000
1 114 33000
1 114 35000
1 115 32000
1 115 33000
1 115 35000
1 116 32000
1 116 33000
1 116 35000
1 117 32000
1 117 33000
1 117 35000
1 118 32000
1 118 33000
1 118 35000
1 119 32000
1 119 33000
1 119 35000
1 120 32000
1 120 33000
1 120 35000
1 121 32000
1 121 33000
1 121 35000
1 122 32000
1 122 33000
1 122 35000
1 123 32000
1 123 33000
1 123 35000
1 124 32000
1 124 33000
1 124 35000
1 125 32000
1 125 33000
1 125 35000
1 126 32000
1 126 33000
1 126 35000
1 127 32000
1 127 33000
1 127 35000
1 128 32000
1 128 33000
1 128 35000
1 129 32000
1 129 33000
1 129 35000
1 130 32000
1 130 33000
1 130 35000
1 131 32000
1 131 33000
1 131 35000
1 132 32000
1 132 33000
1 132 35000
1 133 32000
1 133 33000
1 133 35000
1 134 32000
1 134 33000
1 134 35000
1 135 32000
1 135 33000
1 135 35000
1 136 32000
1 136 33000
1 136 35000
1 137 32000
1 137 33000
1 137 35000
1 138 32000
1 138 33000
1 138 35000
1 139 32000
1 139 33000
1 139 35000
1 140 32000
1 140 33000
1 140 35000
1 141 32000
1 141 33000
1 141 35000
1 142 32000
1 142 33000
1 142 35000
1 143 32000
1 143 33000
1 143 35000
1 144 32000
1 144 33000
1 144 35000
1 145 32000
1 145 33000
1 145 35000
1 146 32000
1 146 33000
1 146 35000
1 147 32000
1 147 33000
1 147 35000
1 148 32000
1 148 33000
1 148 35000
1 149 32000
1 149 33000
1 149 35000
1 150 32000
1 150 33000
1 150 35000
1 151 32000
1 151 33000
1 151 35000
1 152 32000
1 152 33000
1 152 35000
1 153 32000
1 153 33000
1 153 35000
1 154 32000
1 154 33000
1 154 35000
1 155 32000
1 155 33000
1 155 35000
1 156 32000
1 156 33000
1 156 35000
1 157 32000
1 157 33000
1 157 35000
1 158 32000
1 158 33000
1 158 35000
1 159 32000
1 159 33000
1 159 35000
1 160 32000
1 160 33000
1 160 35000
1 161 32000
1 161 33000
1 161 35000
1 162 32000
1 162 33000
1 162 35000
1 163 32000
1 163 33000
1 163 35000
1 164 32000
1 164 33000
1 164 35000
