0 0 49
0 0 51
0 1 49
0 1 51
0 2 49
0 2 51
0 3 49
0 3 51
0 4 49
0 4 51
0 5 49
0 5 51
0 6 49
0 6 51
0 7 49
0 7 51
0 8 49
0 8 51
0 9 49
0 9 51
0 10 49
0 10 51
0 11 49
0 11 51
0 12 49
0 12 51
0 13 49
0 13 51
0 14 49
0 14 51
0 15 49
0 15 51
0 16 49
0 16 51
0 17 49
0 17 51
0 18 49
0 18 51
0 19 49
0 19 51
0 20 49
0 20 51
0 21 49
0 21 51
0 22 49
0 22 51
0 23 49
0 23 51
0 24 49
0 24 51
0 25 49
0 25 51
0 26 49
0 26 51
0 27 49
0 27 51
0 28 49
0 28 51
0 29 49
0 29 51
0 30 49
0 30 51
0 31 49
0 31 51
0 32 49
0 32 51
0 33 49
0 33 51
0 34 49
0 34 51
0 35 49
0 35 51
0 36 49
0 36 51
0 37 49
0 37 51
0 38 49
0 38 51
0 39 49
0 39 51
0 40 49
0 40 51
0 41 49
0 41 51
0 42 49
0 42 51
0 43 49
0 43 51
0 44 49
0 44 51
0 45 49
0 45 51
0 46 49
0 46 51
0 47 49
0 47 51
0 48 49
0 48 51
0 49 49
0 49 51
0 50 49
0 50 51
0 51 49
0 51 51
0 52 49
0 52 51
0 53 49
0 53 51
0 54 49
0 54 51
0 55 49
0 55 51
0 56 49
0 56 51
0 57 49
0 57 51
0 58 49
0 58 51
0 59 49
0 59 51
0 60 49
0 60 51
0 61 49
0 61 51
0 62 49
0 62 51
0 63 49
0 63 51
0 64 49
0 64 51
0 65 49
0 65 51
0 66 49
0 66 51
0 67 49
0 67 51
0 68 49
0 68 51
0 69 49
0 69 51
0 70 49
0 70 51
0 71 49
0 71 51
0 72 49
0 72 51
0 73 49
0 73 51
0 74 49
0 74 51
0 75 49
0 75 51
0 76 49
0 76 51
0 77 49
0 77 51
0 78 49
0 78 51
0 79 49
0 79 51
0 80 49
0 80 51
0 81 49
0 81 51
0 82 49
0 82 51
0 83 49
0 83 51
0 84 49
0 84 51
0 85 49
0 85 51
0 86 49
0 86 51
0 87 49
0 87 51
0 88 49
0 88 51
0 89 49
0 89 51
0 90 49
0 90 51
0 91 49
0 91 51
0 92 49
0 92 51
0 93 49
0 93 51
0 94 49
0 94 51
0 95 49
0 95 51
0 96 49
0 96 51
0 97 49
0 97 51
0 98 49
0 98 51
0 99 49
0 99 51
0 100 49
0 100 51
0 101 49
0 101 51
0 102 49
0 102 51
0 103 49
0 103 51
0 104 49
0 104 51
0 105 49
0 105 51
0 106 49
0 106 51
0 107 49
0 107 51
0 108 49
0 108 51
0 109 49
0 109 51
0 110 49
0 110 51
0 111 49
0 111 51
0 112 49
0 112 51
0 113 49
0 113 51
0 114 49
0 114 51
0 115 49
0 115 51
0 116 49
0 116 51
0 117 49
0 117 51
0 118 49
0 118 51
0 119 49
0 119 51
0 120 49
0 120 51
0 121 49
0 121 51
0 122 49
0 122 51
0 123 49
0 123 51
0 124 49
0 124 51
0 125 49
0 125 51
0 126 49
0 126 51
0 127 49
0 127 51
0 128 49
0 128 51
0 129 49
0 129 51
0 130 49
0 130 51
0 131 49
0 131 51
0 132 49
0 132 51
0 133 49
0 133 51
0 134 49
0 134 51
0 135 49
0 135 51
0 136 49
0 136 51
0 137 49
0 137 51
0 138 49
0 138 51
0 139 49
0 139 51
0 140 49
0 140 51
0 141 49
0 141 51
0 142 49
0 142 51
0 143 49
0 143 51
0 144 49
0 144 51
0 145 49
0 145 51
0 146 49
0 146 51
0 147 49
0 147 51
0 148 49
0 148 51
0 149 49
0 149 51
0 150 49
0 150 51
0 151 49
0 151 51
0 152 49
0 152 51
0 153 49
0 153 51
0 154 49
0 154 51
0 155 49
0 155 51
0 156 49
0 156 51
0 157 49
0 157 51
0 158 49
0 158 51
0 159 49
0 159 51
0 160 49
0 160 51
0 161 49
0 161 51
0 162 49
0 162 51
0 163 49
0 163 51
0 164 49
0 164 51
1 0 49
1 0 51
1 1 49
1 1 51
1 2 49
1 2 51
1 3 49
1 3 51
1 4 49
1 4 51
1 5 49
1 5 51
1 6 49
1 6 51
1 7 49
1 7 51
1 8 49
1 8 51
1 9 49
1 9 51
1 10 49
1 10 51
1 11 49
1 11 51
1 12 49
1 12 51
1 13 49
1 13 51
1 14 49
1 14 51
1 15 49
1 15 51
1 16 49
1 16 51
1 17 49
1 17 51
1 18 49
1 18 51
1 19 49
1 19 51
1 20 49
1 20 51
1 21 49
1 21 51
1 22 49
1 22 51
1 23 49
1 23 51
1 24 49
1 24 51
1 25 49
1 25 51
1 26 49
1 26 51
1 27 49
1 27 51
1 28 49
1 28 51
1 29 49
1 29 51
1 30 49
1 30 51
1 31 49
1 31 51
1 32 49
1 32 51
1 33 49
1 33 51
1 34 49
1 34 51
1 35 49
1 35 51
1 36 49
1 36 51
1 37 49
1 37 51
1 38 49
1 38 51
1 39 49
1 39 51
1 40 49
1 40 51
1 41 49
1 41 51
1 42 49
1 42 51
1 43 49
1 43 51
1 44 49
1 44 51
1 45 49
1 45 51
1 46 49
1 46 51
1 47 49
1 47 51
1 48 49
1 48 51
1 49 49
1 49 51
1 50 49
1 50 51
1 51 49
1 51 51
1 52 49
1 52 51
1 53 49
1 53 51
1 54 49
1 54 51
1 55 49
1 55 51
1 56 49
1 56 51
1 57 49
1 57 51
1 58 49
1 58 51
1 59 49
1 59 51
1 60 49
1 60 51
1 61 49
1 61 51
1 62 49
1 62 51
1 63 49
1 63 51
1 64 49
1 64 51
1 65 49
1 65 51
1 66 49
1 66 51
1 67 49
1 67 51
1 68 49
1 68 51
1 69 49
1 69 51
1 70 49
1 70 51
1 71 49
1 71 51
1 72 49
1 72 51
1 73 49
1 73 51
1 74 49
1 74 51
1 75 49
1 75 51
1 76 49
1 76 51
1 77 49
1 77 51
1 78 49
1 78 51
1 79 49
1 79 51
1 80 49
1 80 51
1 81 49
1 81 51
1 82 49
1 82 51
1 83 49
1 83 51
1 84 49
1 84 51
1 85 49
1 85 51
1 86 49
1 86 51
1 87 49
1 87 51
1 88 49
1 88 51
1 89 49
1 89 51
1 90 49
1 90 51
1 91 49
1 91 51
1 92 49
1 92 51
1 93 49
1 93 51
1 94 49
1 94 51
1 95 49
1 95 51
1 96 49
1 96 51
1 97 49
1 97 51
1 98 49
1 98 51
1 99 49
1 99 51
1 100 49
1 100 51
1 101 49
1 101 51
1 102 49
1 102 51
1 103 49
1 103 51
1 104 49
1 104 51
1 105 49
1 105 51
1 106 49
1 106 51
1 107 49
1 107 51
1 108 49
1 108 51
1 109 49
1 109 51
1 110 49
1 110 51
1 111 49
1 111 51
1 112 49
1 112 51
1 113 49
1 113 51
1 114 49
1 114 51
1 115 49
1 115 51
1 116 49
1 116 51
1 117 49
1 117 51
1 118 49
1 118 51
1 119 49
1 119 51
1 120 49
1 120 51
1 121 49
1 121 51
1 122 49
1 122 51
1 123 49
1 123 51
1 124 49
1 124 51
1 125 49
1 125 51
1 126 49
1 126 51
1 127 49
1 127 51
1 128 49
1 128 51
1 129 49
1 129 51
1 130 49
1 130 51
1 131 49
1 131 51
1 132 49
1 132 51
1 133 49
1 133 51
1 134 49
1 134 51
1 135 49
1 135 51
1 136 49
1 136 51
1 137 49
1 137 51
1 138 49
1 138 51
1 139 49
1 139 51
1 140 49
1 140 51
1 141 49
1 141 51
1 142 49
1 142 51
1 143 49
1 143 51
1 144 49
1 144 51
1 145 49
1 145 51
1 146 49
1 146 51
1 147 49
1 147 51
1 148 49
1 148 51
1 149 49
1 149 51
1 150 49
1 150 51
1 151 49
1 151 51
1 152 49
1 152 51
1 153 49
1 153 51
1 154 49
1 154 51
1 155 49
1 155 51
1 156 49
1 156 51
1 157 49
1 157 51
1 158 49
1 158 51
1 159 49
1 159 51
1 160 49
1 160 51
1 161 49
1 161 51
1 162 49
1 162 51
1 163 49
1 163 51
1 164 49
1 164 51
