0 0 4500
0 0 9100
0 0 9200
0 0 9300
0 0 9400
0 0 9500
0 0 9600
0 0 9700
0 0 9800
0 0 9900
0 0 10000
0 1 4500
0 1 9100
0 1 9200
0 1 9300
0 1 9400
0 1 9500
0 1 9600
0 1 9700
0 1 9800
0 1 9900
0 1 10000
0 2 4500
0 2 9100
0 2 9200
0 2 9300
0 2 9400
0 2 9500
0 2 9600
0 2 9700
0 2 9800
0 2 9900
0 2 10000
0 3 4500
0 3 9100
0 3 9200
0 3 9300
0 3 9400
0 3 9500
0 3 9600
0 3 9700
0 3 9800
0 3 9900
0 3 10000
0 4 4500
0 4 9100
0 4 9200
0 4 9300
0 4 9400
0 4 9500
0 4 9600
0 4 9700
0 4 9800
0 4 9900
0 4 10000
1 0 4500
1 0 9100
1 0 9200
1 0 9300
1 0 9400
1 0 9500
1 0 9600
1 0 9700
1 0 9800
1 0 9900
1 0 10000
1 1 4500
1 1 9100
1 1 9200
1 1 9300
1 1 9400
1 1 9500
1 1 9600
1 1 9700
1 1 9800
1 1 9900
1 1 10000
1 2 4500
1 2 9100
1 2 9200
1 2 9300
1 2 9400
1 2 9500
1 2 9600
1 2 9700
1 2 9800
1 2 9900
1 2 10000
1 3 4500
1 3 9100
1 3 9200
1 3 9300
1 3 9400
1 3 9500
1 3 9600
1 3 9700
1 3 9800
1 3 9900
1 3 10000
1 4 4500
1 4 9100
1 4 9200
1 4 9300
1 4 9400
1 4 9500
1 4 9600
1 4 9700
1 4 9800
1 4 9900
1 4 10000
2 0 4500
2 0 9100
2 0 9200
2 0 9300
2 0 9400
2 0 9500
2 0 9600
2 0 9700
2 0 9800
2 0 9900
2 0 10000
2 1 4500
2 1 9100
2 1 9200
2 1 9300
2 1 9400
2 1 9500
2 1 9600
2 1 9700
2 1 9800
2 1 9900
2 1 10000
2 2 4500
2 2 9100
2 2 9200
2 2 9300
2 2 9400
2 2 9500
2 2 9600
2 2 9700
2 2 9800
2 2 9900
2 2 10000
2 3 4500
2 3 9100
2 3 9200
2 3 9300
2 3 9400
2 3 9500
2 3 9600
2 3 9700
2 3 9800
2 3 9900
2 3 10000
2 4 4500
2 4 9100
2 4 9200
2 4 9300
2 4 9400
2 4 9500
2 4 9600
2 4 9700
2 4 9800
2 4 9900
2 4 10000
3 0 4500
3 0 9100
3 0 9200
3 0 9300
3 0 9400
3 0 9500
3 0 9600
3 0 9700
3 0 9800
3 0 9900
3 0 10000
3 1 4500
3 1 9100
3 1 9200
3 1 9300
3 1 9400
3 1 9500
3 1 9600
3 1 9700
3 1 9800
3 1 9900
3 1 10000
3 2 4500
3 2 9100
3 2 9200
3 2 9300
3 2 9400
3 2 9500
3 2 9600
3 2 9700
3 2 9800
3 2 9900
3 2 10000
3 3 4500
3 3 9100
3 3 9200
3 3 9300
3 3 9400
3 3 9500
3 3 9600
3 3 9700
3 3 9800
3 3 9900
3 3 10000
3 4 4500
3 4 9100
3 4 9200
3 4 9300
3 4 9400
3 4 9500
3 4 9600
3 4 9700
3 4 9800
3 4 9900
3 4 10000
4 0 4500
4 0 9100
4 0 9200
4 0 9300
4 0 9400
4 0 9500
4 0 9600
4 0 9700
4 0 9800
4 0 9900
4 0 10000
4 1 4500
4 1 9100
4 1 9200
4 1 9300
4 1 9400
4 1 9500
4 1 9600
4 1 9700
4 1 9800
4 1 9900
4 1 10000
4 2 4500
4 2 9100
4 2 9200
4 2 9300
4 2 9400
4 2 9500
4 2 9600
4 2 9700
4 2 9800
4 2 9900
4 2 10000
4 3 4500
4 3 9100
4 3 9200
4 3 9300
4 3 9400
4 3 9500
4 3 9600
4 3 9700
4 3 9800
4 3 9900
4 3 10000
4 4 4500
4 4 9100
4 4 9200
4 4 9300
4 4 9400
4 4 9500
4 4 9600
4 4 9700
4 4 9800
4 4 9900
4 4 10000