# internal_index perturber_index n_particles
16663 0 0 
16663 0 1 
16663 0 2 
16663 0 3 
16663 0 4 
16663 0 5 
16663 1 0 
16663 1 1 
16663 1 2 
16663 1 3 
16663 1 4 
16663 1 5 
16663 2 0 
16663 2 1 
16663 2 2 
16663 2 3 
16663 2 4 
16663 2 5 
16663 3 0 
16663 3 1 
16663 3 2 
16663 3 3 
16663 3 4 
16663 3 5 
16663 4 0 
16663 4 1 
16663 4 2 
16663 4 3 
16663 4 4 
16663 4 5 
16663 5 0 
16663 5 1 
16663 5 2 
16663 5 3 
16663 5 4 
16663 5 5 
16663 6 0 
16663 6 1 
16663 6 2 
16663 6 3 
16663 6 4 
16663 6 5 
16663 7 0 
16663 7 1 
16663 7 2 
16663 7 3 
16663 7 4 
16663 7 5 
16663 8 0 
16663 8 1 
16663 8 2 
16663 8 3 
16663 8 4 
16663 8 5 
16663 9 0 
16663 9 1 
16663 9 2 
16663 9 3 
16663 9 4 
16663 9 5 
16663 10 0 
16663 10 1 
16663 10 2 
16663 10 3 
16663 10 4 
16663 10 5 
16663 11 0 
16663 11 1 
16663 11 2 
16663 11 3 
16663 11 4 
16663 11 5 
16663 12 0 
16663 12 1 
16663 12 2 
16663 12 3 
16663 12 4 
16663 12 5 
16663 13 0 
16663 13 1 
16663 13 2 
16663 13 3 
16663 13 4 
16663 13 5 
16663 14 0 
16663 14 1 
16663 14 2 
16663 14 3 
16663 14 4 
16663 14 5 
16663 15 0 
16663 15 1 
16663 15 2 
16663 15 3 
16663 15 4 
16663 15 5 
16663 16 0 
16663 16 1 
16663 16 2 
16663 16 3 
16663 16 4 
16663 16 5 
16663 17 0 
16663 17 1 
16663 17 2 
16663 17 3 
16663 17 4 
16663 17 5 
16663 18 0 
16663 18 1 
16663 18 2 
16663 18 3 
16663 18 4 
16663 18 5 
16663 19 0 
16663 19 1 
16663 19 2 
16663 19 3 
16663 19 4 
16663 19 5 
16663 20 0 
16663 20 1 
16663 20 2 
16663 20 3 
16663 20 4 
16663 20 5 
16663 21 0 
16663 21 1 
16663 21 2 
16663 21 3 
16663 21 4 
16663 21 5 
16663 22 0 
16663 22 1 
16663 22 2 
16663 22 3 
16663 22 4 
16663 22 5 
16663 23 0 
16663 23 1 
16663 23 2 
16663 23 3 
16663 23 4 
16663 23 5 
16663 24 0 
16663 24 1 
16663 24 2 
16663 24 3 
16663 24 4 
16663 24 5 
16664 0 0 
16664 0 1 
16664 0 2 
16664 0 3 
16664 0 4 
16664 0 5 
16664 1 0 
16664 1 1 
16664 1 2 
16664 1 3 
16664 1 4 
16664 1 5 
16664 2 0 
16664 2 1 
16664 2 2 
16664 2 3 
16664 2 4 
16664 2 5 
16664 3 0 
16664 3 1 
16664 3 2 
16664 3 3 
16664 3 4 
16664 3 5 
16664 4 0 
16664 4 1 
16664 4 2 
16664 4 3 
16664 4 4 
16664 4 5 
16664 5 0 
16664 5 1 
16664 5 2 
16664 5 3 
16664 5 4 
16664 5 5 
16664 6 0 
16664 6 1 
16664 6 2 
16664 6 3 
16664 6 4 
16664 6 5 
16664 7 0 
16664 7 1 
16664 7 2 
16664 7 3 
16664 7 4 
16664 7 5 
16664 8 0 
16664 8 1 
16664 8 2 
16664 8 3 
16664 8 4 
16664 8 5 
16664 9 0 
16664 9 1 
16664 9 2 
16664 9 3 
16664 9 4 
16664 9 5 
16664 10 0 
16664 10 1 
16664 10 2 
16664 10 3 
16664 10 4 
16664 10 5 
16664 11 0 
16664 11 1 
16664 11 2 
16664 11 3 
16664 11 4 
16664 11 5 
16664 12 0 
16664 12 1 
16664 12 2 
16664 12 3 
16664 12 4 
16664 12 5 
16664 13 0 
16664 13 1 
16664 13 2 
16664 13 3 
16664 13 4 
16664 13 5 
16664 14 0 
16664 14 1 
16664 14 2 
16664 14 3 
16664 14 4 
16664 14 5 
16664 15 0 
16664 15 1 
16664 15 2 
16664 15 3 
16664 15 4 
16664 15 5 
16664 16 0 
16664 16 1 
16664 16 2 
16664 16 3 
16664 16 4 
16664 16 5 
16664 17 0 
16664 17 1 
16664 17 2 
16664 17 3 
16664 17 4 
16664 17 5 
16664 18 0 
16664 18 1 
16664 18 2 
16664 18 3 
16664 18 4 
16664 18 5 
16664 19 0 
16664 19 1 
16664 19 2 
16664 19 3 
16664 19 4 
16664 19 5 
16664 20 0 
16664 20 1 
16664 20 2 
16664 20 3 
16664 20 4 
16664 20 5 
16664 21 0 
16664 21 1 
16664 21 2 
16664 21 3 
16664 21 4 
16664 21 5 
16664 22 0 
16664 22 1 
16664 22 2 
16664 22 3 
16664 22 4 
16664 22 5 
16664 23 0 
16664 23 1 
16664 23 2 
16664 23 3 
16664 23 4 
16664 23 5 
16664 24 0 
16664 24 1 
16664 24 2 
16664 24 3 
16664 24 4 
16664 24 5 
16665 0 0 
16665 0 1 
16665 0 2 
16665 0 3 
16665 0 4 
16665 0 5 
16665 1 0 
16665 1 1 
16665 1 2 
16665 1 3 
16665 1 4 
16665 1 5 
16665 2 0 
16665 2 1 
16665 2 2 
16665 2 3 
16665 2 4 
16665 2 5 
16665 3 0 
16665 3 1 
16665 3 2 
16665 3 3 
16665 3 4 
16665 3 5 
16665 4 0 
16665 4 1 
16665 4 2 
16665 4 3 
16665 4 4 
16665 4 5 
16665 5 0 
16665 5 1 
16665 5 2 
16665 5 3 
16665 5 4 
16665 5 5 
16665 6 0 
16665 6 1 
16665 6 2 
16665 6 3 
16665 6 4 
16665 6 5 
16665 7 0 
16665 7 1 
16665 7 2 
16665 7 3 
16665 7 4 
16665 7 5 
16665 8 0 
16665 8 1 
16665 8 2 
16665 8 3 
16665 8 4 
16665 8 5 
16665 9 0 
16665 9 1 
16665 9 2 
16665 9 3 
16665 9 4 
16665 9 5 
16665 10 0 
16665 10 1 
16665 10 2 
16665 10 3 
16665 10 4 
16665 10 5 
16665 11 0 
16665 11 1 
16665 11 2 
16665 11 3 
16665 11 4 
16665 11 5 
16665 12 0 
16665 12 1 
16665 12 2 
16665 12 3 
16665 12 4 
16665 12 5 
16665 13 0 
16665 13 1 
16665 13 2 
16665 13 3 
16665 13 4 
16665 13 5 
16665 14 0 
16665 14 1 
16665 14 2 
16665 14 3 
16665 14 4 
16665 14 5 
16665 15 0 
16665 15 1 
16665 15 2 
16665 15 3 
16665 15 4 
16665 15 5 
16665 16 0 
16665 16 1 
16665 16 2 
16665 16 3 
16665 16 4 
16665 16 5 
16665 17 0 
16665 17 1 
16665 17 2 
16665 17 3 
16665 17 4 
16665 17 5 
16665 18 0 
16665 18 1 
16665 18 2 
16665 18 3 
16665 18 4 
16665 18 5 
16665 19 0 
16665 19 1 
16665 19 2 
16665 19 3 
16665 19 4 
16665 19 5 
16665 20 0 
16665 20 1 
16665 20 2 
16665 20 3 
16665 20 4 
16665 20 5 
16665 21 0 
16665 21 1 
16665 21 2 
16665 21 3 
16665 21 4 
16665 21 5 
16665 22 0 
16665 22 1 
16665 22 2 
16665 22 3 
16665 22 4 
16665 22 5 
16665 23 0 
16665 23 1 
16665 23 2 
16665 23 3 
16665 23 4 
16665 23 5 
16665 24 0 
16665 24 1 
16665 24 2 
16665 24 3 
16665 24 4 
16665 24 5 
16666 0 0 
16666 0 1 
16666 0 2 
16666 0 3 
16666 0 4 
16666 0 5 
16666 1 0 
16666 1 1 
16666 1 2 
16666 1 3 
16666 1 4 
16666 1 5 
16666 2 0 
16666 2 1 
16666 2 2 
16666 2 3 
16666 2 4 
16666 2 5 
16666 3 0 
16666 3 1 
16666 3 2 
16666 3 3 
16666 3 4 
16666 3 5 
16666 4 0 
16666 4 1 
16666 4 2 
16666 4 3 
16666 4 4 
16666 4 5 
16666 5 0 
16666 5 1 
16666 5 2 
16666 5 3 
16666 5 4 
16666 5 5 
16666 6 0 
16666 6 1 
16666 6 2 
16666 6 3 
16666 6 4 
16666 6 5 
16666 7 0 
16666 7 1 
16666 7 2 
16666 7 3 
16666 7 4 
16666 7 5 
16666 8 0 
16666 8 1 
16666 8 2 
16666 8 3 
16666 8 4 
16666 8 5 
16666 9 0 
16666 9 1 
16666 9 2 
16666 9 3 
16666 9 4 
16666 9 5 
16666 10 0 
16666 10 1 
16666 10 2 
16666 10 3 
16666 10 4 
16666 10 5 
16666 11 0 
16666 11 1 
16666 11 2 
16666 11 3 
16666 11 4 
16666 11 5 
16666 12 0 
16666 12 1 
16666 12 2 
16666 12 3 
16666 12 4 
16666 12 5 
16666 13 0 
16666 13 1 
16666 13 2 
16666 13 3 
16666 13 4 
16666 13 5 
16666 14 0 
16666 14 1 
16666 14 2 
16666 14 3 
16666 14 4 
16666 14 5 
16666 15 0 
16666 15 1 
16666 15 2 
16666 15 3 
16666 15 4 
16666 15 5 
16666 16 0 
16666 16 1 
16666 16 2 
16666 16 3 
16666 16 4 
16666 16 5 
16666 17 0 
16666 17 1 
16666 17 2 
16666 17 3 
16666 17 4 
16666 17 5 
16666 18 0 
16666 18 1 
16666 18 2 
16666 18 3 
16666 18 4 
16666 18 5 
16666 19 0 
16666 19 1 
16666 19 2 
16666 19 3 
16666 19 4 
16666 19 5 
16666 20 0 
16666 20 1 
16666 20 2 
16666 20 3 
16666 20 4 
16666 20 5 
16666 21 0 
16666 21 1 
16666 21 2 
16666 21 3 
16666 21 4 
16666 21 5 
16666 22 0 
16666 22 1 
16666 22 2 
16666 22 3 
16666 22 4 
16666 22 5 
16666 23 0 
16666 23 1 
16666 23 2 
16666 23 3 
16666 23 4 
16666 23 5 
16666 24 0 
16666 24 1 
16666 24 2 
16666 24 3 
16666 24 4 
16666 24 5 
16667 0 0 
16667 0 1 
16667 0 2 
16667 0 3 
16667 0 4 
16667 0 5 
16667 1 0 
16667 1 1 
16667 1 2 
16667 1 3 
16667 1 4 
16667 1 5 
16667 2 0 
16667 2 1 
16667 2 2 
16667 2 3 
16667 2 4 
16667 2 5 
16667 3 0 
16667 3 1 
16667 3 2 
16667 3 3 
16667 3 4 
16667 3 5 
16667 4 0 
16667 4 1 
16667 4 2 
16667 4 3 
16667 4 4 
16667 4 5 
16667 5 0 
16667 5 1 
16667 5 2 
16667 5 3 
16667 5 4 
16667 5 5 
16667 6 0 
16667 6 1 
16667 6 2 
16667 6 3 
16667 6 4 
16667 6 5 
16667 7 0 
16667 7 1 
16667 7 2 
16667 7 3 
16667 7 4 
16667 7 5 
16667 8 0 
16667 8 1 
16667 8 2 
16667 8 3 
16667 8 4 
16667 8 5 
16667 9 0 
16667 9 1 
16667 9 2 
16667 9 3 
16667 9 4 
16667 9 5 
16667 10 0 
16667 10 1 
16667 10 2 
16667 10 3 
16667 10 4 
16667 10 5 
16667 11 0 
16667 11 1 
16667 11 2 
16667 11 3 
16667 11 4 
16667 11 5 
16667 12 0 
16667 12 1 
16667 12 2 
16667 12 3 
16667 12 4 
16667 12 5 
16667 13 0 
16667 13 1 
16667 13 2 
16667 13 3 
16667 13 4 
16667 13 5 
16667 14 0 
16667 14 1 
16667 14 2 
16667 14 3 
16667 14 4 
16667 14 5 
16667 15 0 
16667 15 1 
16667 15 2 
16667 15 3 
16667 15 4 
16667 15 5 
16667 16 0 
16667 16 1 
16667 16 2 
16667 16 3 
16667 16 4 
16667 16 5 
16667 17 0 
16667 17 1 
16667 17 2 
16667 17 3 
16667 17 4 
16667 17 5 
16667 18 0 
16667 18 1 
16667 18 2 
16667 18 3 
16667 18 4 
16667 18 5 
16667 19 0 
16667 19 1 
16667 19 2 
16667 19 3 
16667 19 4 
16667 19 5 
16667 20 0 
16667 20 1 
16667 20 2 
16667 20 3 
16667 20 4 
16667 20 5 
16667 21 0 
16667 21 1 
16667 21 2 
16667 21 3 
16667 21 4 
16667 21 5 
16667 22 0 
16667 22 1 
16667 22 2 
16667 22 3 
16667 22 4 
16667 22 5 
16667 23 0 
16667 23 1 
16667 23 2 
16667 23 3 
16667 23 4 
16667 23 5 
16667 24 0 
16667 24 1 
16667 24 2 
16667 24 3 
16667 24 4 
16667 24 5 
16668 0 0 
16668 0 1 
16668 0 2 
16668 0 3 
16668 0 4 
16668 0 5 
16668 1 0 
16668 1 1 
16668 1 2 
16668 1 3 
16668 1 4 
16668 1 5 
16668 2 0 
16668 2 1 
16668 2 2 
16668 2 3 
16668 2 4 
16668 2 5 
16668 3 0 
16668 3 1 
16668 3 2 
16668 3 3 
16668 3 4 
16668 3 5 
16668 4 0 
16668 4 1 
16668 4 2 
16668 4 3 
16668 4 4 
16668 4 5 
16668 5 0 
16668 5 1 
16668 5 2 
16668 5 3 
16668 5 4 
16668 5 5 
16668 6 0 
16668 6 1 
16668 6 2 
16668 6 3 
16668 6 4 
16668 6 5 
16668 7 0 
16668 7 1 
16668 7 2 
16668 7 3 
16668 7 4 
16668 7 5 
16668 8 0 
16668 8 1 
16668 8 2 
16668 8 3 
16668 8 4 
16668 8 5 
16668 9 0 
16668 9 1 
16668 9 2 
16668 9 3 
16668 9 4 
16668 9 5 
16668 10 0 
16668 10 1 
16668 10 2 
16668 10 3 
16668 10 4 
16668 10 5 
16668 11 0 
16668 11 1 
16668 11 2 
16668 11 3 
16668 11 4 
16668 11 5 
16668 12 0 
16668 12 1 
16668 12 2 
16668 12 3 
16668 12 4 
16668 12 5 
16668 13 0 
16668 13 1 
16668 13 2 
16668 13 3 
16668 13 4 
16668 13 5 
16668 14 0 
16668 14 1 
16668 14 2 
16668 14 3 
16668 14 4 
16668 14 5 
16668 15 0 
16668 15 1 
16668 15 2 
16668 15 3 
16668 15 4 
16668 15 5 
16668 16 0 
16668 16 1 
16668 16 2 
16668 16 3 
16668 16 4 
16668 16 5 
16668 17 0 
16668 17 1 
16668 17 2 
16668 17 3 
16668 17 4 
16668 17 5 
16668 18 0 
16668 18 1 
16668 18 2 
16668 18 3 
16668 18 4 
16668 18 5 
16668 19 0 
16668 19 1 
16668 19 2 
16668 19 3 
16668 19 4 
16668 19 5 
16668 20 0 
16668 20 1 
16668 20 2 
16668 20 3 
16668 20 4 
16668 20 5 
16668 21 0 
16668 21 1 
16668 21 2 
16668 21 3 
16668 21 4 
16668 21 5 
16668 22 0 
16668 22 1 
16668 22 2 
16668 22 3 
16668 22 4 
16668 22 5 
16668 23 0 
16668 23 1 
16668 23 2 
16668 23 3 
16668 23 4 
16668 23 5 
16668 24 0 
16668 24 1 
16668 24 2 
16668 24 3 
16668 24 4 
16668 24 5 